1100000000000001Sueldo Basico                                                                                                                                         11111111111 1 1 10 0         
1100000000000103Dias Faltas Injustificadas                                                                                                                            11111111111 1 1 10 0         
1600010000000003Antiguedad (%)                                                                                                                                        11111111111 1 1 10 0         
5400000000000411Asginacion no remunerativa                                                                                                                            10000111100 0 0 00 0         
5410000000000412Antiguedad                                                                                                                                            10000111100 0 0 00 0         
8100000000000201Jubilacion                                                                                                                                            10000000000 0 0 00 0         
8100010000000202Ley 19032                                                                                                                                             10000000000 0 0 00 0         
8100020000000203Obra Social                                                                                                                                           10000000000 0 0 00 0         
8100020000000502Acuerdos Obra Social                                                                                                                                  10000000000 0 0 00 0         
8100030000000205Anssal                                                                                                                                                10000000000 0 0 00 0         
8210000000000209Recreacion y turismo                                                                                                                                  10000000000 0 0 00 0         
8210000000000210Cuota Sindical                                                                                                                                        10000000000 0 0 00 0         
8210000000000211Subs. por Fallecimiento                                                                                                                               10000000000 0 0 00 0         
8210000000000226Subs Por Fallecimiento                                                                                                                                10000000000 0 0 00 0         
8210000000000227Mutual                                                                                                                                                10000000000 0 0 00 0         
8210000000000511Obra social no rem                                                                                                                                    10000000000 0 0 00 0         
8210000000000512Anssal                                                                                                                                                10000000000 0 0 00 0         
8210000000000513Cuota Sindical                                                                                                                                        10000000000 0 0 00 0         
8210000000000514Subs por fallecimiento                                                                                                                                10000000000 0 0 00 0         
8210000000000515Mutual                                                                                                                                                10000000000 0 0 00 0         
